Wood3.png  (159,3293)  (88,3186)  (273,3365)  (275,3500)  (77,2466)  (167,2473)  (524,2499)  (512,2614)  (495,2857)  (506,2746)  (375,2835)  (183,2870)  (271,2515)  (402,2532)  (436,2642)  (252,2800)  (94,2817)  (82,2716)  (79,2582)  (159,2574)  (269,2594)  (437,2796) 
Mountain3.png  (791,503)  (933,498)  (935,389)  (851,281)  (781,149)  (1195,171)  (1116,238)  (1083,177)  (975,167)  (294,363)  (351,230)  (394,124)  (277,155)  (227,250)  (197,169)  (91,418)  (925,210)  (1151,1023)  (913,1494)  (846,1377)  (796,1161)  (1039,1150)  (1324,1018)  (1477,1117)  (1594,1038)  (1719,1047)  (959,2093)  (895,2030)  (869,2182)  (784,2224)  (958,2308)  (830,2409)  (971,2540)  (1119,2482)  (1152,2567)  (1277,2563)  (1398,2611)  (1486,2594)  (1894,2561)  (1940,2718)  (2166,2674)  (2206,1118)  (2065,1025)  (2189,1015)  (2457,927)  (2278,916)  (2631,968)  (2616,1149)  (2595,1301)  (2560,1417)  (2600,1535)  (2601,1663)  (2415,1728)  (2588,1868)  (2649,1040)  (2495,1223) 
Desert1.png.png  (3084,789)  (3197,894)  (3425,925)  (3097,1047)  (3317,782)  (3403,1115)  (3129,1218) 
Swamp1.png  (2435,3109)  (2721,3070)  (2546,3082)  (2719,3203)  (2741,3328)  (2597,3408)  (2425,3290)  (2547,3151)  (2571,3498)  (3208,3174)  (3312,3240)  (3215,3282)  (3179,3420)  (3260,3446)  (3284,3374)  (3409,3378) 
Desert2.png.png  (3408,829)  (3137,845)  (3121,996)  (3334,1049)  (3266,1170)  (3447,1251)  (3238,823)  (3120,927)  (3340,890)  (3083,1136)  (3369,1205) 
Mountain4.png  (950,450)  (786,451)  (933,337)  (1031,338)  (1045,215)  (1171,956)  (170,259)  (210,127)  (359,175)  (502,136)  (144,467)  (774,1230)  (1253,1016)  (915,1436)  (805,1948)  (879,2098)  (889,2268)  (923,2366)  (1085,2536)  (844,2468)  (1195,2446)  (1337,2619)  (1841,2506)  (1986,2638)  (1771,2724)  (2112,2637)  (2303,2742)  (2332,2586)  (2495,2678)  (2507,2566)  (2580,2620)  (2536,2446)  (2415,2428)  (2534,2322)  (2463,2230)  (2611,2234)  (2552,2145)  (2439,2130)  (2180,1059)  (2358,1072)  (2337,969)  (2506,1003)  (2459,1114)  (2596,1225)  (2646,1425)  (2583,1701)  (2533,1842) 
Wood4.png  (423,2716)  (201,3229)  (301,3414)  (436,3500)  (85,3242)  (433,2838)  (561,2845)  (395,2495)  (402,2638)  (387,2606)  (315,2558)  (152,2618)  (150,2681)  (211,2749)  (341,2603)  (387,2682)  (531,2791) 
Cave4.png.png  (3337,271)  (3401,424)  (3373,327)  (3376,88) 
Swamp3.png  (2542,3003)  (2761,3010)  (2749,3243)  (2673,3483)  (2587,3325)  (2458,3357)  (3313,3140)  (3196,3226)  (3151,3375)  (3165,3502)  (3341,3429)  (3402,3267) 
NO11.png.png  (928,2448) 
M5.png.png  (1204,2189) 
Cave2.png.png  (3262,93)  (3138,74)  (3185,175)  (3264,349)  (3439,303) 
M4.png.png  (1743,1837) 
NO2.png.png  (267,2625) 
Wood1.png  (259,3287)  (84,3318)  (207,3454)  (95,3398)  (451,2503)  (515,2580)  (134,2850)  (96,2534)  (207,2513)  (339,2527)  (441,2598)  (427,2678)  (354,2790)  (247,2475)  (191,2808)  (93,2783)  (88,2684)  (126,2501)  (341,2644)  (332,2713)  (163,2718)  (197,2617)  (208,2657)  (447,2742) 
Cave3.png.png  (3303,191)  (3147,135)  (3240,295)  (3450,186)  (3372,473) 
Mountain1.png  (912,557)  (1031,475)  (1091,318)  (1131,127)  (1219,220)  (863,153)  (918,93)  (811,335)  (846,446)  (1375,960)  (1480,972)  (280,209)  (355,81)  (91,283)  (99,368)  (770,1633)  (878,1572)  (803,1441)  (927,1344)  (689,1253)  (917,1180)  (1024,990)  (1246,1066)  (1439,1038)  (1567,1102)  (1703,963)  (829,1249)  (1002,2029)  (869,1937)  (792,2030)  (973,2145)  (790,2286)  (999,2365)  (814,2522)  (1030,2602)  (1250,2418)  (1264,2651)  (1485,2645)  (1380,2536)  (1879,2498)  (1801,2554)  (1789,2662)  (1893,2654)  (1969,2575)  (2179,2573)  (2045,2686)  (2216,2733)  (2297,2682)  (2489,2730)  (2557,2662)  (2387,2573)  (2599,2571)  (2601,2413)  (2522,2369)  (2462,2280)  (2563,2098)  (2487,2613)  (2419,2702)  (2514,2513)  (2440,2384)  (2516,2241)  (2565,2178)  (2425,2465)  (2586,2341)  (2272,1176)  (2255,1070)  (2240,960)  (2399,978)  (2551,957)  (2548,1035)  (2405,1167)  (2290,1291)  (2404,1350)  (2505,1336)  (2602,1480)  (2529,1646)  (2504,1721)  (2587,1816)  (2416,1816)  (2377,1299) 
M3.png.png  (2336,1501) 
NO1.png.png  (83,3462) 
NO12.png.png  (1040,1067) 
M2.png.png  (1240,1309) 
NO5.png.png  (3444,75) 
Cave1.png.png  (3418,371)  (3304,417)  (3218,238)  (3361,143)  (3463,461)  (3399,235) 
NO6.png.png  (3283,966) 
Swamp4.png  (2716,3134)  (2445,3030)  (2630,2987)  (2489,3226)  (2709,3386)  (2483,3457)  (3194,3121)  (3409,3202)  (3161,3310)  (3293,3494)  (3081,3444)  (3388,3328)  (3184,3466) 
NO10.png.png  (2373,2631) 
NO3.png.png  (68,65) 
M1.png.png  (2143,2414) 
NO4.png.png  (965,255) 
Swamp2.vsd.png  (2636,3073)  (2474,3162)  (2692,3291)  (2664,3151)  (2685,3041)  (2459,3499)  (2538,3293)  (3297,3183)  (3296,3302)  (3359,3299)  (3408,3504) 
Desert4.png.png  (3446,1037)  (3183,1154)  (3325,1131)  (3465,775)  (3221,987)  (3404,988)  (3205,757) 
Mountain2.png  (778,550)  (986,553)  (1028,399)  (1188,91)  (1006,81)  (1176,271)  (782,86)  (811,203)  (807,386)  (75,508)  (187,386)  (305,280)  (453,73)  (416,178)  (235,74)  (91,211)  (140,310)  (1243,952)  (854,1644)  (768,1514)  (980,1426)  (730,1327)  (939,1247)  (639,1183)  (924,1098)  (1153,1099)  (1349,1119)  (1572,954)  (1687,1126)  (771,1874)  (963,1956)  (764,2125)  (971,2236)  (773,2342)  (1061,2419)  (838,2578)  (1133,2639)  (1252,2478)  (1367,2687)  (1470,2518)  (1848,2422)  (1815,2700)  (1798,2590)  (2025,2583)  (2100,2724)  (2231,2615)  (2371,2750)  (2576,2719)  (2395,2515)  (2592,2485)  (2403,2327)  (2580,2286)  (2458,2161)  (2087,1088)  (2344,910)  (2094,961)  (2603,895)  (2593,1091)  (2583,1355)  (2569,1585)  (2438,1873)  (2488,1780)  (2565,1750)  (2315,1343)  (2417,1261)  (2291,1230)  (2321,1119)  (2407,1051)  (2303,1014) 
Wood2.png  (154,3344)  (124,3265)  (232,3396)  (347,3462)  (511,2646)  (522,2541)  (484,2699)  (492,2822)  (240,2858)  (311,2832)  (71,2861)  (89,2622)  (163,2536)  (92,2747)  (175,2779)  (311,2762)  (388,2754)  (455,2556)  (366,2572)  (226,2558)  (135,2651)  (243,2756)  (225,2699)  (323,2481)  (276,2726) 
Desert3.png.png  (3207,1076) 
NO8.png.png  (2599,3208) 
NO9 .png.png  (2516,1148) 
NO7.png.png  (3448,3454) 