FRH10  (2754,1756)  (2826,1753) 
FRH11  (3167,1612)  (3095,1683)  (3095,1611)  (3238,1684)  (3167,1540)  (3239,1542)  (3093,1539)  (3023,1732)  (3023,1660)  (3310,1614)  (3310,1686)  (3021,1588)  (3382,1591)  (3382,1663)  (3454,1591)  (3454,1663) 
FZ21  (2207,1868)  (2135,1839)  (2278,1940)  (2206,1940)  (2207,1796)  (2279,1845)  (2270,1722) 
FZ20  (1795,2280)  (1723,2351)  (1723,2279)  (1867,2237)  (1929,2309)  (1715,2423) 
FZ23  (1670,1274)  (1598,1345)  (1598,1273)  (1741,1346)  (1742,1214)  (1596,1201)  (1814,1202)  (1814,1274)  (1524,1266) 
FZ22  (2222,2138)  (2150,2123)  (2293,2210)  (2221,2210)  (2222,2066)  (2294,2066)  (2294,2138)  (2144,2051) 
FZ25  (1587,1577)  (1515,1648)  (1515,1576)  (1658,1649)  (1587,1505)  (1659,1505)  (1659,1577)  (1513,1504)  (1556,1720)  (1484,1720)  (1443,1586)  (1731,1443)  (1731,1515)  (1731,1587)  (1441,1514)  (1441,1442) 
FZ24  (2031,1293)  (1959,1364)  (2073,1365)  (1982,1221)  (2054,1221)  (2103,1293)  (2126,1198)  (1887,1432) 
FZ27  (1546,2023)  (1474,2094)  (1474,2022)  (1617,2095)  (1546,1951)  (1618,1965)  (1472,1950)  (1545,2166)  (1689,2050)  (1646,2167)  (1544,1879)  (1419,1878) 
FZ26  (1973,1634)  (1901,1705)  (1901,1633)  (2044,1706)  (1973,1562)  (2045,1562)  (2045,1634)  (1899,1561)  (1972,1777)  (2117,1580)  (2117,1652) 
FZ28  (1924,2021)  (1852,2092)  (1852,2020)  (1995,2093)  (1924,1949)  (1996,1949)  (1996,2021) 
M1  (1183,2180)  (1111,2251)  (1111,2179)  (1233,2252)  (1183,2108)  (1255,2108)  (1255,2180)  (1109,2107) 
NO10  (895,2446)  (823,2517)  (823,2445)  (966,2518)  (895,2374)  (967,2374)  (967,2446)  (821,2373)  (894,2589)  (822,2589)  (1038,2518)  (1038,2590)  (966,2590)  (893,2302)  (965,2302)  (1039,2396)  (749,2309)  (821,2301)  (742,2237)  (1110,2468)  (1110,2540)  (893,2230)  (965,2230)  (1111,2396)  (814,2229)  (1120,2612)  (742,2165)  (1182,2468)  (1182,2540)  (886,2158)  (958,2158)  (1183,2395)  (814,2157)  (1192,2612)  (1254,2467)  (1254,2539)  (886,2086)  (958,2086)  (1255,2383)  (756,2085)  (1264,2611)  (1326,2513)  (828,2014)  (900,2014)  (972,2014)  (1336,2585)  (1336,2657)  (757,1942)  (829,1942)  (901,1942)  (973,1942) 
M2  (1240,1305)  (1168,1376)  (1168,1304)  (1306,1377)  (1240,1233)  (1312,1233)  (1312,1305)  (1166,1232)  (1234,1448)  (1096,1343)  (1384,1204)  (1384,1276)  (1094,1271) 
NO11  (2417,1070)  (2345,1141)  (2345,1069)  (2488,1142)  (2417,998)  (2489,998)  (2489,1070)  (2343,997)  (2416,1213)  (2344,1213)  (2273,1141)  (2273,1069)  (2560,1142)  (2560,1214)  (2488,1214)  (2272,1214)  (2415,926)  (2487,926)  (2559,926)  (2561,998)  (2561,1070)  (2271,997)  (2271,925)  (2343,925)  (2631,882)  (2416,1285)  (2344,1285)  (2201,1090)  (2606,1286)  (2534,1286)  (2272,1286)  (2633,954)  (2633,1026)  (2199,1018)  (2199,946)  (2632,1358)  (2560,1358)  (2127,1078)  (2127,1006)  (2617,1430)  (2055,1077)  (2055,1005)  (2613,1502)  (2541,1573)  (2617,1574)  (2545,1645)  (2473,1690)  (2401,1713)  (2600,1717)  (2528,1762)  (2456,1785)  (2384,1785) 
M3  (2326,1491)  (2254,1562)  (2254,1490)  (2397,1563)  (2326,1419)  (2398,1419)  (2398,1491)  (2252,1418)  (2180,1430) 
NO12  (2379,2615)  (2307,2686)  (2307,2614)  (2450,2687)  (2379,2543)  (2451,2543)  (2451,2615)  (2235,2704)  (2235,2632)  (2522,2687)  (2376,2471)  (2448,2471)  (2520,2471)  (2523,2543)  (2523,2615)  (2169,2560)  (2592,2402)  (2163,2704)  (2163,2632)  (2399,2399)  (2471,2399)  (2595,2474)  (2595,2546)  (2097,2560)  (2543,2330)  (2091,2705)  (2091,2633)  (2399,2327)  (2471,2327)  (2615,2279)  (2025,2561)  (2543,2258)  (2019,2705)  (2019,2633)  (2417,2255)  (1953,2561)  (2489,2186)  (2561,2186)  (1947,2703)  (1881,2631)  (1881,2559)  (1877,2487)  (2542,2114)  (1875,2704)  (1872,2415)  (1809,2632)  (1809,2560)  (1803,2707) 
M4  (2137,2395)  (2065,2466)  (2065,2394)  (2209,2346)  (2209,2418)  (1993,2458)  (2281,2344) 
M5  (1731,1828)  (1803,1815) 
EM1  (102,2976)  (173,3048)  (101,3048)  (174,2918) 
DK2  (468,511)  (396,582)  (396,510)  (539,583)  (468,439)  (540,439)  (540,511)  (394,438)  (467,654)  (611,583)  (570,655)  (612,442)  (322,494)  (250,469) 
EM3  (554,3358)  (482,3356)  (625,3430)  (553,3430)  (554,3286)  (626,3305)  (479,3284) 
DK1  (589,255)  (517,317)  (660,327)  (576,183)  (661,210)  (445,299)  (582,111) 
EM2  (372,3029)  (300,2998)  (443,3101)  (371,3101)  (372,2957)  (444,3024)  (279,2926)  (478,3173)  (406,3173)  (351,2885) 
DK3  (124,620)  (88,692)  (196,559)  (196,631)  (268,625) 
NO2  (244,2629)  (172,2700)  (172,2628)  (315,2701)  (244,2557)  (316,2557)  (316,2629)  (170,2556)  (243,2772)  (171,2772)  (100,2700)  (100,2628)  (387,2701)  (387,2773)  (315,2773)  (99,2773)  (242,2485)  (314,2485)  (386,2485)  (388,2557)  (388,2629)  (98,2556)  (98,2484)  (170,2484)  (459,2701)  (459,2773)  (460,2486)  (460,2558)  (531,2796) 
NO1  (168,3375)  (96,3446)  (96,3374)  (239,3447)  (168,3303)  (240,3303)  (240,3375)  (94,3302)  (311,3447)  (166,3231)  (312,3303)  (312,3375)  (54,3230)  (383,3447)  (126,3159)  (54,3158) 
NO4  (956,215)  (884,286)  (884,214)  (1027,287)  (956,143)  (1028,143)  (1028,215)  (882,142)  (955,358)  (883,358)  (812,286)  (812,214)  (1063,359)  (811,359)  (954,71)  (1026,71)  (1098,71)  (1100,143)  (1100,215)  (810,142)  (810,70)  (882,70)  (1170,51)  (991,430)  (919,430)  (847,431)  (775,431)  (1172,123)  (1172,195)  (738,125)  (738,53)  (1055,502)  (983,502)  (911,503)  (839,503)  (767,503) 
NO3  (185,171)  (113,242)  (113,170)  (256,243)  (185,99)  (257,99)  (257,171)  (111,98)  (184,314)  (112,314)  (328,243)  (322,315)  (329,51)  (329,123)  (147,386)  (75,386)  (401,51)  (401,123)  (121,458)  (473,51)  (473,123) 
FRH1  (2143,167)  (2071,212)  (2207,239)  (2215,128)  (2287,107) 
NO6  (3249,969)  (3177,1040)  (3177,968)  (3320,1041)  (3249,897)  (3321,897)  (3321,969)  (3175,896)  (3248,1112)  (3176,1112)  (3105,1040)  (3105,968)  (3392,1041)  (3392,1113)  (3320,1113)  (3104,1113)  (3247,825)  (3319,825)  (3391,825)  (3393,897)  (3393,969)  (3103,896)  (3103,824)  (3175,824)  (3463,755)  (3248,1184)  (3176,1184)  (3033,1041)  (3464,1041)  (3464,1113)  (3464,1185)  (3392,1185)  (3320,1185)  (3104,1185)  (3032,1185)  (3032,1113)  (3247,753)  (3319,753)  (3391,753)  (3465,827)  (3465,899)  (3031,766)  (3103,752)  (3175,752)  (3476,1257) 
NO5  (3322,187)  (3250,258)  (3250,186)  (3393,259)  (3322,115)  (3394,115)  (3394,187)  (3248,114)  (3321,330)  (3249,330)  (3178,237)  (3465,259)  (3465,331)  (3393,331)  (3466,51)  (3466,123)  (3176,165)  (3176,93)  (3321,402)  (3476,403)  (3404,403)  (3104,139)  (3104,67) 
FRH3  (2168,767)  (2096,838)  (2193,695)  (2240,767) 
NO8  (2596,3182)  (2524,3253)  (2524,3181)  (2667,3254)  (2596,3110)  (2668,3110)  (2668,3182)  (2522,3109)  (2595,3325)  (2523,3325)  (2452,3253)  (2452,3181)  (2739,3254)  (2739,3326)  (2667,3326)  (2451,3326)  (2594,3038)  (2666,3038)  (2738,3038)  (2740,3110)  (2740,3182)  (2450,3109)  (2450,3037)  (2522,3037)  (2595,3397)  (2523,3397)  (2764,3398)  (2692,3398)  (2451,3398)  (2594,2966)  (2666,2966)  (2738,2966)  (2812,3169)  (2378,3061)  (2620,3469)  (2548,3469)  (2748,3470)  (2476,3470) 
FRH2  (2214,419)  (2142,390)  (2239,491)  (2286,370) 
NO7  (3296,3292)  (3224,3363)  (3224,3291)  (3367,3364)  (3296,3220)  (3368,3220)  (3368,3292)  (3222,3219)  (3295,3435)  (3223,3435)  (3152,3363)  (3152,3291)  (3439,3364)  (3439,3436)  (3367,3436)  (3151,3436)  (3294,3148)  (3440,3165)  (3440,3237)  (3175,3147)  (3079,3416) 
FRH5  (2665,291)  (2593,362)  (2593,290)  (2736,363)  (2665,219)  (2737,219)  (2737,291)  (2521,431)  (2521,359)  (2726,435)  (2679,147)  (2751,147)  (2809,287)  (2449,440)  (2449,368)  (2695,75)  (2881,341) 
NO9  (832,1234)  (760,1305)  (760,1233)  (903,1306)  (832,1162)  (904,1162)  (904,1234)  (758,1161)  (831,1377)  (688,1276)  (968,1378)  (892,1090)  (964,1090)  (976,1162)  (686,1204)  (1036,1030)  (896,1449)  (824,1449)  (944,1018)  (1048,1102)  (614,1177)  (1045,958)  (1108,1030)  (1117,949)  (921,1521)  (849,1521)  (777,1521)  (1180,1021)  (1189,895)  (904,1593)  (832,1593)  (760,1593)  (1252,967)  (1252,1039)  (1324,899)  (1324,971)  (1324,1043)  (1372,1115)  (1396,895)  (1396,967)  (1396,1039)  (1444,1111)  (1468,911)  (1468,983)  (1516,1055)  (1540,916)  (1588,988)  (1588,1060)  (1612,915)  (1660,987)  (1660,1059) 
FRH4  (2475,113)  (2403,184)  (2403,112)  (2506,185)  (2547,51)  (2331,240) 
FRH7  (2884,604)  (2812,675)  (2812,603)  (2919,676)  (2884,532)  (2956,532)  (2956,604)  (2810,531)  (2847,747)  (2775,747)  (2882,460)  (2954,460)  (3028,505)  (3028,577) 
FRH6  (2495,676)  (2423,747)  (2423,675)  (2566,748)  (2495,604)  (2567,604)  (2567,676)  (2421,603)  (2351,713)  (2638,748)  (2493,532)  (2565,532)  (2637,532)  (2639,604)  (2639,676)  (2349,641)  (2349,569)  (2421,531) 
FRH9  (2834,1425)  (2762,1496)  (2762,1424)  (2905,1497)  (2834,1353)  (2906,1353)  (2906,1425)  (2760,1352)  (2833,1568)  (2761,1568)  (2832,1281)  (2904,1281)  (2978,1301)  (2978,1373)  (2978,1445)  (2903,1640)  (2831,1640)  (2759,1640)  (3050,1322)  (3050,1394)  (3122,1322)  (3122,1394)  (3194,1307)  (3194,1379)  (3266,1293)  (3266,1365)  (3266,1437)  (3338,1314)  (3338,1386)  (3338,1458)  (3410,1355)  (3410,1427)  (3417,1499) 
FRH8  (2865,987)  (2793,1058)  (2793,986)  (2924,1059)  (2865,915)  (2937,915)  (2937,987)  (2791,914)  (2852,1130)  (2780,1130)  (2924,1131)  (2863,843)  (2935,843)  (2708,1183) 
FEM1  (142,2007)  (70,2078)  (188,2079)  (177,1935)  (214,2007)  (249,1906) 
FDK1  (169,870)  (97,941)  (97,869)  (240,942)  (169,798)  (241,798)  (241,870)  (113,1013)  (312,942)  (313,816)  (384,888) 
FEM2  (480,2000)  (408,2071)  (408,1999)  (510,2072)  (552,1951)  (406,1927)  (582,2023)  (336,2067)  (624,1931)  (654,2003) 
FDK2  (646,815)  (574,886)  (574,814)  (717,887)  (647,743)  (718,815)  (719,742)  (502,934)  (502,862)  (502,790)  (790,814)  (688,670)  (760,670)  (791,742)  (430,753) 
FEM3  (312,2265)  (240,2336)  (240,2264)  (383,2337)  (312,2193)  (384,2193)  (384,2265)  (238,2192)  (168,2338)  (168,2266)  (455,2337)  (456,2184)  (456,2256)  (96,2338)  (96,2266)  (527,2328)  (528,2167)  (528,2239)  (599,2311)  (600,2162)  (600,2234) 
FDK3  (304,1159)  (232,1230)  (232,1158)  (375,1231)  (304,1087)  (376,1087)  (376,1159)  (230,1086)  (160,1278)  (160,1206)  (447,1231)  (448,1037)  (448,1109)  (158,1134)  (88,1299)  (88,1227)  (519,1223)  (520,1102)  (86,1155) 
FEM4  (661,2674)  (589,2650)  (732,2746)  (660,2746)  (661,2602)  (733,2669)  (788,2818)  (716,2818)  (644,2818)  (617,2530)  (619,2458) 
FDK4  (709,1019)  (637,1047)  (781,998) 
FEM5  (985,2785)  (913,2856)  (913,2784)  (1056,2857)  (985,2713)  (1057,2713)  (1057,2785)  (911,2712)  (984,2928)  (1129,2721)  (1129,2793) 
FDK5  (167,1456)  (95,1467)  (95,1395)  (238,1528)  (167,1384)  (239,1384)  (239,1456)  (166,1539)  (241,1600) 
FEM6  (952,3087)  (880,3114)  (880,3042)  (1024,3042)  (1024,3114)  (1096,3028)  (1096,3100) 
FDK6  (502,1458)  (430,1529)  (430,1457)  (546,1530)  (502,1386)  (574,1386)  (574,1458)  (428,1385)  (630,1530)  (646,1394) 
FEM7  (611,3006)  (539,2976)  (674,3078)  (602,3078)  (683,2960)  (755,2960) 
FDK7  (953,705)  (968,777)  (910,633)  (982,633)  (968,849) 
FEM8  (757,3214)  (685,3217)  (829,3210) 
FDK8  (1410,171)  (1338,242)  (1338,170)  (1481,243)  (1410,99)  (1482,99)  (1482,171)  (1336,98)  (1409,314)  (1337,314)  (1448,386)  (1376,386) 
FEM9  (939,3413)  (867,3476)  (867,3404)  (982,3341)  (1011,3413)  (1054,3298)  (795,3476)  (795,3404)  (1083,3370)  (1083,3442)  (1126,3235)  (1155,3307)  (1155,3379)  (1155,3451) 
FDK9  (1176,625)  (1104,696)  (1104,624)  (1247,697)  (1176,553)  (1248,553)  (1248,625)  (1175,768)  (1103,768)  (1318,769)  (1148,481)  (1220,481)  (1152,409) 
RH1  (3310,600)  (3238,629)  (3382,551)  (3454,556) 
RH3  (2926,128)  (2854,186)  (2854,114)  (2997,200)  (2926,56)  (2998,56)  (2998,128)  (2999,272) 
RH2  (3110,410)  (3083,338) 
FOT2  (3240,2376)  (3168,2367)  (3311,2448)  (3312,2348)  (3158,2295)  (3383,2420)  (3086,2330)  (3409,2492)  (3455,2384) 
FOT1  (2775,2268)  (2846,2340)  (2774,2340)  (2704,2196)  (2776,2196)  (2847,2268)  (2848,2195)  (2702,2344)  (2919,2267) 
FOT4  (3027,2503)  (2955,2488)  (3083,2575)  (3011,2575)  (3027,2431)  (3099,2455)  (3052,2647) 
FOT3  (2771,2571)  (2699,2638)  (2842,2643)  (2721,2499)  (2793,2499)  (2843,2571) 
FOT6  (2762,2797)  (2690,2840)  (2834,2735)  (2834,2807)  (2618,2839)  (2906,2730)  (2906,2802)  (2978,2762)  (2978,2834) 
FOT5  (3274,2648)  (3202,2719)  (3202,2647)  (3345,2720)  (3274,2576)  (3346,2588)  (3130,2758)  (3417,2660) 
FOT8  (2108,3327)  (2036,3398)  (2036,3326)  (2179,3399)  (2108,3255)  (2180,3255)  (2180,3327)  (2034,3254)  (2107,3470)  (2035,3470)  (2251,3399)  (2251,3471)  (2179,3471)  (2252,3192)  (2252,3264)  (1962,3269)  (1962,3197)  (2323,3389) 
FOT7  (2341,2851)  (2269,2912)  (2269,2840)  (2413,2816)  (2413,2888)  (2197,2844)  (2485,2807) 
FOT9  (2095,3004)  (2166,3076)  (2094,3076)  (2039,2932)  (2111,2932)  (2167,3004)  (2022,3094)  (2001,2860)  (2073,2860)  (2239,3032) 
FZ10  (1971,495)  (1899,529)  (1899,457)  (1971,423)  (2043,462)  (2043,534) 
FZ12  (1887,1038)  (1898,1110)  (1858,966)  (1930,966) 
FZ11  (1833,716)  (1761,787)  (1761,715)  (1904,788)  (1833,644)  (1905,644)  (1905,716)  (1759,643)  (1689,817)  (1689,745)  (1977,648)  (1977,720) 
FDK10  (1692,250)  (1620,321)  (1620,249)  (1763,322)  (1692,178)  (1764,178)  (1764,250)  (1618,177)  (1691,393)  (1781,394)  (1690,106) 
FZ14  (2975,1976)  (2903,2047)  (2903,1975)  (3046,2048)  (2975,1904)  (3047,1904)  (3047,1976)  (2901,1903)  (2974,2119)  (3085,2120)  (2973,1832) 
FDK11  (1499,633)  (1427,704)  (1427,632)  (1566,705)  (1499,561)  (1571,561)  (1571,633)  (1494,776)  (1422,776)  (1567,777)  (1512,489)  (1584,489)  (1656,504) 
FZ13  (3315,1997)  (3243,2068)  (3243,1996)  (3386,2069)  (3315,1925)  (3387,1925)  (3387,1997)  (3241,1924)  (3314,2140)  (3242,2140)  (3458,2069)  (3458,2141)  (3386,2141)  (3313,1853)  (3385,1853)  (3457,1853)  (3459,1925)  (3459,1997)  (3169,1899)  (3241,1852)  (3158,1827)  (3314,2212)  (3476,2213)  (3404,2213)  (3451,1781)  (3467,2285) 
FZ16  (2458,1983)  (2530,1936) 
FZ15  (2722,1959)  (2771,2031)  (2699,2031)  (2675,1887)  (2747,1887)  (2794,1959) 
FZ18  (1207,1897)  (1135,1968)  (1135,1896)  (1278,1969)  (1207,1825)  (1279,1831)  (1133,1824) 
FZ17  (1167,1633)  (1095,1704)  (1095,1632)  (1238,1705)  (1239,1593)  (1093,1560)  (1023,1733)  (1023,1661)  (1310,1665)  (1310,1737)  (1311,1570)  (1021,1589) 
FZ1  (85,1747)  (138,1819)  (66,1819)  (54,1675)  (157,1699) 
FZ19  (1464,2324)  (1392,2395)  (1392,2323)  (1535,2396)  (1536,2272)  (1392,2251) 
FZ3  (564,1737)  (635,1809)  (563,1809)  (511,1665)  (583,1665) 
FZ2  (337,1745)  (265,1799)  (409,1801) 
FZ5  (1595,3394)  (1523,3465)  (1523,3393)  (1666,3466)  (1595,3322)  (1667,3322)  (1667,3394)  (1451,3476)  (1738,3475)  (1739,3301) 
FZ4  (824,1743)  (752,1753)  (949,1820) 
FZ7  (1594,2785)  (1522,2805)  (1666,2781) 
FZ6  (1577,2975)  (1505,2938)  (1623,3047)  (1551,3047)  (1577,2903)  (1649,2903)  (1635,3119)  (1626,3191) 
FZ9  (1912,111)  (1840,79)  (1966,183)  (1984,51)  (1967,255) 
FZ8  (1621,2594)  (1620,2522) 
OT2  (2966,3030)  (2894,3092)  (2894,3020)  (3037,3102)  (2966,2958)  (3038,2958)  (3038,3030)  (2938,3164)  (3110,2970) 
OT1  (2942,3318)  (2929,3390)  (3014,3247)  (3014,3319)  (2857,3432)  (2932,3462) 
OT3  (3352,2913)  (3280,2984)  (3280,2912)  (3423,2985)  (3413,2841)  (3424,2913)  (3278,2840)  (3208,3003)  (3208,2931)  (3443,3057)  (3206,2859) 
FEM11  (1358,3220)  (1429,3292)  (1357,3292)  (1291,3148)  (1363,3148)  (1430,3220)  (1435,3143)  (1285,3344)  (1382,3364)  (1257,3076)  (1329,3076)  (1502,3215)  (1401,3071)  (1310,3416) 
FOT11  (1807,2928)  (1878,3000)  (1806,3000)  (1772,2856)  (1844,2856)  (1879,2928)  (1734,3013)  (1950,3000) 
FOT10  (1811,3166)  (1739,3212)  (1739,3140)  (1868,3300)  (1883,3372)  (1811,3386)  (1886,3444) 
FEM10  (1307,2871)  (1235,2942)  (1378,2943)  (1266,2799)  (1338,2799)  (1379,2871)  (1410,2779) 
REL1  (4119,1717)  (4047,1788)  (4047,1716)  (4190,1789)  (4119,1645)  (4191,1645)  (4191,1717)  (4045,1644)  (4118,1860)  (4046,1860)  (3975,1788)  (3975,1716)  (4262,1789)  (4262,1861)  (4190,1861)  (3974,1861)  (4117,1573)  (4189,1573)  (4261,1573)  (4263,1645)  (4263,1717)  (3973,1644)  (3973,1572)  (4045,1572)  (4333,1503)  (4118,1932)  (4046,1932)  (3903,1789)  (3903,1717)  (4334,1789)  (4334,1861)  (4334,1933)  (4262,1933)  (4190,1933)  (3974,1933)  (3902,1933)  (3902,1861)  (4117,1501)  (4189,1501)  (4261,1501)  (4335,1575)  (4335,1647)  (3901,1645)  (3901,1573)  (3901,1501)  (3973,1500)  (4045,1500)  (4333,1431)  (4405,1431)  (4405,1503)  (4118,2004)  (4046,2004)  (3831,1789)  (3831,1717) 